412 580 124 300
324 556 116 300
324 508 164 332
500 556 268 324
388 556 220 404
364 492 252 404
468 540 268 324
348 620 108 380
476 596 204 300
468 540 164 252
412 524 228 380
420 596 268 404
404 548 188 340
444 548 220 300
372 684 76 436
316 444 204 340
460 580 140 324
372 540 260 396
324 532 284 388
436 548 268 324
516 604 180 332
380 724 188 484
364 516 188 332
412 516 140 244
388 524 60 332
404 556 316 380
228 492 164 516
468 524 212 292
428 540 332 460
372 780 132 540
444 532 236 292
316 436 244 420
428 492 308 348
396 532 156 284
412 548 268 356
356 628 196 324
244 628 84 348
372 468 188 252
420 452 268 324
460 532 236 332
284 548 164 300
452 572 236 364
300 580 132 308
348 428 244 316
388 452 212 292
308 460 244 388
316 516 228 436
412 524 172 260
396 468 212 308
412 524 348 404
340 580 44 236
420 492 228 372
332 524 204 292
396 564 148 356
372 516 196 316
188 484 76 508
372 412 244 292
428 508 276 356
444 540 140 196
412 636 252 460
428 612 156 324
532 588 244 372
476 516 348 388
452 596 244 324
380 596 244 380
372 692 196 548
412 476 188 260
428 540 236 356
412 476 188 252
476 540 308 356
444 508 188 252
452 572 284 356
404 460 300 356
388 596 156 364
444 508 292 364
404 524 276 340
340 444 292 396
348 572 188 396
404 492 196 260
220 540 260 572
444 500 260 316
420 460 196 260
356 508 172 332
404 508 140 244
436 612 116 268
332 604 76 316
444 508 340 372
388 476 156 260
356 436 252 332
372 428 284 324
436 516 284 332
420 556 212 348
420 636 220 436
492 556 260 300
476 556 236 284
412 532 228 356
388 548 244 388
332 508 204 412
316 500 100 316
244 644 188 500
420 500 236 324
364 532 84 252
396 436 244 276
452 532 260 380
380 484 196 308
476 524 196 308
460 556 220 316
396 532 212 364
436 556 252 356
404 492 204 292
420 588 204 356
340 452 188 316
404 500 284 380
468 532 292 380
420 468 220 268
388 588 236 380
268 756 44 388
412 572 180 308
412 684 204 500
316 604 92 364
276 620 44 324
340 476 260 380
404 580 284 460
292 668 20 380
412 460 140 188
244 700 156 484
404 644 28 420
492 644 260 356
460 572 236 380
428 500 268 364
396 532 228 364
300 572 188 484
428 492 284 332
356 684 252 484
436 516 228 300
492 532 284 332
348 452 236 332
356 468 260 316
364 508 180 244
420 452 292 332
340 596 220 452
444 516 220 292
348 484 140 420
404 548 108 252
420 516 284 388
436 516 284 308
324 428 180 276
316 620 348 484
468 564 324 372
428 700 4 356
404 516 228 340
436 516 236 316
460 580 276 404
364 500 124 268
444 484 220 340
476 572 260 364
436 484 268 308
444 516 284 348
340 500 228 412
436 596 260 396
356 500 220 388
468 612 212 324
468 588 220 340
484 564 236 284
340 604 132 348
444 548 252 324
420 636 260 556
380 420 268 308
332 532 164 356
452 548 212 260
420 556 204 252
372 508 164 236
292 564 92 356
428 476 324 372
436 492 188 332
524 580 204 300
412 452 236 300
132 660 44 292
436 492 260 316
428 636 220 428
300 620 204 332
332 612 180 372
388 532 260 508
388 548 196 356
388 636 68 484
412 540 188 284
444 508 284 364
284 620 252 396
396 524 228 332
396 484 236 324
348 516 276 364
356 420 220 324
412 508 260 364
452 532 236 300
428 516 260 372
380 516 156 324
348 612 220 412
348 524 244 428
340 532 196 356
324 692 164 548
380 540 236 412
468 556 292 364
324 612 204 356
276 604 148 372
364 460 284 388
388 476 236 332
412 516 212 300
468 612 188 396
324 476 196 364
380 492 236 332
444 532 284 372
468 540 252 388
332 460 268 428
468 572 236 388
372 500 228 388
372 556 44 236
444 508 228 324
428 540 284 388
396 532 156 308
348 460 292 412
428 556 156 300
412 500 308 364
420 532 268 340
436 532 276 396
420 476 220 260
420 516 292 412
460 500 268 292
436 532 140 236
452 508 260 316
500 692 116 452
412 548 196 404
292 716 4 404
444 604 132 356
372 476 252 372
260 564 84 428
348 668 348 572
396 444 300 340
292 580 188 452
452 564 220 292
412 468 236 300
412 532 156 276
492 596 372 428
380 660 100 364
348 500 260 388
108 684 100 412
412 532 204 324
356 516 76 372
468 636 220 268
428 468 316 396
420 524 172 252
508 572 196 268
428 684 140 364
292 588 12 308
292 572 132 428
420 548 196 316
436 500 300 396
492 556 140 236
292 636 164 316
324 620 108 348
364 452 228 308
388 516 196 340
284 420 124 260
396 500 340 396
492 524 316 340
436 524 268 348
308 452 316 500
428 540 292 364
436 524 268 308
380 468 244 324
268 580 116 388
420 476 260 316
356 420 180 252
468 516 252 324
412 492 276 396
380 476 220 300
444 500 260 324
308 628 52 412
404 476 164 220
388 444 228 284
404 492 260 356
340 404 292 356
324 476 212 348
212 556 140 492
372 556 140 308
340 548 284 460
412 668 148 348
428 516 356 412
236 604 4 380
372 588 156 428
324 604 140 412
452 636 244 524
396 492 148 260
404 460 228 292
396 580 164 500
324 484 212 356
348 460 228 316
476 540 220 276
364 516 204 324
316 572 148 316
372 428 220 268
356 468 212 356
364 484 204 348
348 492 268 316
460 564 196 332
460 532 292 340
404 524 92 348
492 532 252 332
372 596 292 460
460 532 180 236
396 644 188 324
268 684 92 332
412 476 228 284
388 460 300 372
340 492 92 348
348 508 300 404
420 524 188 276
444 492 236 292
420 468 244 292
380 444 220 260
476 564 276 324
428 564 236 404
420 556 228 428
388 452 260 324
396 692 68 356
428 580 268 420
364 548 324 372
372 636 156 348
324 476 284 396
460 532 124 204
388 476 196 412
172 476 36 492
428 540 212 316
460 500 348 404
380 564 100 292
428 524 252 324
348 556 188 412
492 548 276 340
332 492 156 324
204 588 100 300
436 620 124 252
388 484 220 332
332 532 324 444
476 540 220 284
404 676 100 412
412 644 244 412
412 500 244 292
356 604 124 308
412 500 196 292
396 540 332 436
420 516 196 268
340 508 180 372
404 484 252 316
380 588 188 340
188 668 172 412
396 444 228 332
372 540 188 364
380 468 228 404
444 524 348 412
436 580 196 284
452 572 260 380
292 540 124 372
436 540 260 340
316 580 156 356
404 532 196 324
324 732 212 468
380 692 172 484
444 540 228 324
380 564 124 332
420 484 300 372
316 508 84 364
196 588 52 452
412 468 236 276
348 580 244 420
236 548 100 484
388 524 196 332
388 436 292 348
316 652 164 308
396 524 244 396
452 548 268 348
364 468 284 484
404 524 244 340
300 556 164 396
468 524 308 364
356 596 228 420
324 508 276 428
308 548 180 292
444 556 188 316
436 516 268 340
380 492 148 308
452 532 260 308
404 484 324 396
524 572 300 356
508 660 44 388
388 476 180 276
340 436 284 356
380 580 180 372
364 588 180 404
404 500 220 300
404 468 244 308
484 564 172 260
316 492 220 492
308 660 92 484
388 460 244 316
452 524 284 380
356 508 180 372
340 660 236 388
468 516 300 348
428 484 212 260
436 508 252 324
436 556 212 324
380 540 220 388
444 572 188 308
388 484 276 364
412 556 220 364
452 500 292 380
124 548 124 420
388 500 196 316
420 516 276 332
340 468 204 284
420 476 308 388
332 660 148 476
372 580 252 468
428 508 236 316
412 524 260 388
396 580 220 420
372 484 268 364
380 484 196 356
380 452 244 316
316 516 108 260
324 588 156 372
460 508 188 228
388 420 244 300
356 428 212 316
404 548 228 332
388 708 60 412
380 532 148 452
484 596 332 412
460 516 260 316
420 508 148 252
404 548 252 412
388 484 180 324
412 572 220 404
428 484 332 388
460 676 188 412
332 468 220 340
428 580 212 380
308 620 52 348
380 484 244 436
380 548 252 436
420 460 300 372
404 604 92 252
404 476 324 380
404 540 252 364
340 388 244 284
292 756 28 412
532 580 260 332
420 508 244 316
268 700 4 412
420 516 260 364
428 492 220 268
284 580 324 500
380 516 196 316
244 532 132 436
388 484 308 380
428 516 164 244
420 564 156 348
340 724 68 420
204 604 300 484
276 636 204 428
364 508 196 348
372 468 244 340
468 524 228 292
444 500 372 436
484 548 260 324
300 756 196 396
276 668 116 356
348 708 36 452
308 540 244 444
340 428 244 332
356 540 228 348
340 500 212 332
164 684 84 548
332 540 68 356
444 508 220 252
420 580 228 340
364 532 204 372
388 468 204 284
404 572 228 348
388 508 244 292
364 524 236 348
292 700 172 460
388 492 180 260
476 516 268 324
236 588 172 372
428 484 236 332
428 580 204 340
356 676 76 372
292 676 60 372
396 516 220 332
324 692 172 572
388 612 116 372
420 468 244 300
412 604 212 292
476 516 332 388
492 604 260 356
324 460 92 244
428 524 212 316
308 572 92 292
500 564 220 236
372 540 252 340
388 492 244 308
404 556 116 284
228 596 76 372
420 564 236 372
476 556 220 372
332 548 172 332
428 508 284 340
324 628 204 444
404 516 236 284
436 508 268 348
388 492 228 436
324 532 92 308
196 468 108 460
444 612 236 396
412 476 244 308
436 492 292 388
244 620 52 380
228 556 100 388
340 676 196 508
340 580 188 300
380 508 260 388
436 492 292 340
404 460 268 372
332 676 132 436
308 540 116 260
428 460 236 292
364 476 172 300
412 476 164 260
420 556 236 396
300 628 116 244
484 556 188 268
484 572 212 340
452 612 284 436
436 636 204 396
308 596 164 364
452 620 284 468
348 476 300 364
412 604 212 428
316 412 100 252
444 580 276 436
372 548 220 356
404 548 252 396
420 508 180 260
364 468 220 308
420 572 236 348
364 460 204 308
348 628 196 396
388 580 212 340
412 508 188 364
356 668 116 356
436 508 284 356
444 708 180 492
412 564 100 260
484 548 196 252
380 500 212 332
444 548 268 420
412 484 260 324
372 468 116 228
436 780 132 388
412 500 164 260
340 556 132 292
332 492 260 428
268 740 228 444
404 492 244 332
372 564 252 348
244 564 148 404
284 500 236 428
356 564 212 308
348 572 132 372
372 524 188 348
364 604 164 412
428 612 236 396
380 524 212 276
484 604 252 508
324 548 276 428
460 540 324 372
436 500 212 292
500 556 236 276
428 516 236 308
444 652 204 452
404 460 252 316
444 492 292 380
316 612 180 372
436 492 276 348
348 628 68 388
396 556 196 356
428 516 220 364
428 500 204 308
292 484 164 412
476 556 284 340
388 572 172 348
324 652 108 388
380 532 252 412
356 540 236 484
356 508 324 476
516 588 252 308
444 548 212 300
396 540 204 340
348 732 156 524
396 532 188 292
228 644 4 332
468 548 276 420
348 572 212 420
252 612 20 364
348 644 140 436
420 540 212 348
396 492 260 340
364 620 156 372
444 532 228 412
348 740 132 396
420 556 220 364
404 484 260 340
260 540 4 500
436 540 172 276
316 636 212 492
284 620 124 412
308 524 204 404
420 460 228 276
356 548 180 380
484 588 252 324
396 604 260 388
452 524 260 324
380 500 164 284
348 596 180 476
372 548 156 300
404 492 276 364
268 596 156 516
220 580 28 388
308 588 100 484
468 556 212 284
492 540 220 276
436 652 180 372
460 572 188 332
428 492 188 252
412 468 284 332
268 612 20 468
268 444 212 476
388 476 180 276
444 516 228 276
428 492 268 332
276 748 4 396
420 524 236 340
364 548 220 388
332 676 116 396
452 500 140 196
476 516 292 332
468 572 244 308
404 580 188 356
316 532 172 516
252 668 220 540
436 564 284 460
300 540 164 412
508 580 308 420
308 620 20 332
404 484 220 292
340 508 172 308
468 596 252 340
428 508 196 308
428 532 260 332
372 540 164 364
404 492 228 308
492 540 284 372
452 524 268 388
244 780 52 236
348 628 212 332
412 516 204 300
308 620 52 364
412 460 284 348
308 652 148 476
460 652 228 404
324 660 276 500
396 452 156 268
452 540 228 324
388 508 212 412
308 652 12 276
428 516 236 300
452 516 332 372
436 548 220 324
348 628 268 436
420 508 140 308
444 500 244 348
380 484 340 380
516 620 260 396
380 516 252 332
260 516 132 500
436 588 156 292
292 492 244 428
404 492 268 332
388 540 268 412
316 732 92 492
348 588 212 372
444 524 276 348
508 556 148 196
204 700 172 572
372 540 284 460
460 532 284 364
268 556 212 500
220 524 76 340
348 420 268 364
444 524 228 308
348 524 76 364
332 500 204 436
388 468 348 404
292 532 212 444
452 532 220 348
380 516 276 380
348 500 188 276
412 540 76 236
364 620 188 428
364 556 140 332
284 532 148 468
164 452 60 404
388 644 140 436
348 484 236 356
412 524 188 316
324 412 188 268
380 588 92 332
412 500 252 340
436 524 212 268
444 508 364 428
444 628 340 492
252 684 12 452
364 604 236 380
436 564 188 340
324 444 148 284
388 556 236 404
380 564 140 268
404 476 244 324
324 588 132 228
428 548 196 372
460 524 292 396
284 612 164 412
300 460 252 380
444 516 260 308
436 556 212 268
428 556 188 316
420 524 228 356
396 652 148 348
204 652 60 388
452 564 124 236
340 612 268 500
236 644 188 524
476 540 276 372
300 708 36 436
388 452 236 332
364 508 140 284
412 604 220 428
412 476 220 252
404 500 316 420
300 604 132 364
220 524 164 476
396 452 244 284
332 532 236 404
420 468 228 284
316 452 220 332
412 556 212 420
468 556 244 380
348 500 292 372
420 700 84 292
436 556 188 420
380 580 180 292
412 540 180 316
340 604 308 436
396 540 300 380
436 628 148 332
452 532 268 460
412 564 276 436
372 428 244 268
404 468 308 388
188 644 44 300
268 508 300 428
412 540 196 364
364 436 260 308
316 452 236 324
412 572 172 332
412 580 244 404
364 524 204 364
444 492 284 332
436 492 244 412
412 564 148 260
348 508 196 388
348 508 196 316
396 532 220 356
404 684 76 548
420 468 308 356
396 620 212 332
492 564 220 332
380 548 188 372
396 532 204 340
348 548 220 412
284 564 100 380
412 572 268 348
396 524 84 156
348 532 140 252
452 564 284 356
428 500 300 332
308 388 228 324
428 460 252 308
420 516 260 364
420 500 300 372
356 588 260 428
420 604 84 252
204 436 164 420
364 500 228 356
436 492 324 380
308 604 188 540
372 516 188 340
452 556 236 388
492 604 180 324
364 548 140 340
380 452 268 332
412 484 236 292
412 476 276 340
372 460 204 268
364 452 156 244
380 508 260 452
428 580 196 356
364 524 68 348
452 532 228 300
428 508 220 308
468 580 260 340
348 548 228 420
444 564 220 412
420 556 252 372
428 508 204 396
372 604 148 356
356 548 228 372
404 492 220 308
348 556 180 404
364 644 188 524
420 564 236 340
420 492 292 372
404 508 220 292
420 516 236 340
340 508 268 452
348 508 140 324
388 572 276 388
396 476 244 308
404 476 284 388
308 556 180 348
468 564 276 364
468 516 204 236
444 492 348 396
420 476 284 396
340 436 284 412
348 652 76 372
340 532 260 460
396 468 276 356
380 428 220 332
396 516 252 332
428 484 252 300
364 460 252 356
396 564 228 380
460 532 316 388
220 724 92 508
492 620 252 308
340 588 52 276
412 692 92 476
372 500 132 244
316 500 348 444
292 540 124 444
444 484 212 260
484 548 268 356
292 500 188 388
356 596 164 420
404 516 228 340
372 540 140 260
548 628 252 340
452 668 164 404
388 476 172 292
508 564 284 340
436 540 284 364
340 444 260 372
404 620 124 300
220 396 180 396
420 492 276 388
332 580 308 556
348 428 196 292
364 620 132 228
468 548 220 308
460 532 188 292
356 636 140 268
300 580 76 444
356 452 164 268
324 524 140 316
332 660 68 388
372 644 164 372
460 516 188 228
428 516 284 356
276 684 180 476
348 540 228 284
380 516 284 428
404 476 244 332
364 564 124 356
364 452 364 396
428 564 196 252
404 492 236 276
452 548 220 292
420 580 148 388
276 564 196 396
364 612 228 436
372 476 164 244
380 476 260 412
436 508 300 396
324 460 124 316
276 612 252 452
388 572 212 276
404 452 172 244
420 508 172 268
380 548 316 420
316 580 52 364
468 540 236 380
324 516 196 284
380 524 196 396
428 500 244 316
332 516 204 356
420 460 228 308
364 660 132 356
404 524 180 308
444 596 220 364
428 516 204 308
468 596 276 404
412 500 268 292
452 580 164 268
460 580 228 340
420 524 228 332
444 500 268 300
428 500 364 420
412 532 220 284
452 588 140 372
412 500 164 244
460 556 340 428
380 484 316 428
236 716 172 452
468 556 212 316
436 516 164 252
452 508 236 284
444 492 236 284
460 516 196 260
420 564 116 268
348 572 212 380
420 524 252 332
420 532 324 388
420 500 164 204
372 524 180 316
348 476 284 332
380 460 252 300
476 556 228 316
372 516 260 388
380 572 140 316
420 460 324 444
332 516 252 372
436 500 260 356
348 620 252 372
364 420 308 364
524 604 284 364
340 460 140 276
340 612 116 348
492 564 196 284
404 596 188 396
348 500 236 420
316 700 300 572
348 612 316 460
412 580 140 356
388 468 324 404
420 476 364 404
468 572 196 332
420 484 220 284
404 612 204 276
444 508 204 244
284 516 4 444
364 612 148 284
420 516 268 316
476 540 140 188
428 572 124 380
340 604 108 340
364 452 308 396
452 516 220 324
460 548 236 308
428 524 332 428
348 492 164 364
332 580 76 308
444 564 196 372
388 516 212 356
420 508 212 308
356 540 228 436
356 532 204 308
252 484 132 340
460 540 276 356
348 508 108 276
332 636 156 444
332 500 164 332
412 468 276 356
268 452 268 492
460 540 132 204
428 516 196 292
380 620 172 396
468 492 284 324
436 524 228 308
292 596 220 460
420 516 188 292
404 620 212 412
452 524 196 268
452 492 268 300
332 620 132 404
388 436 284 332
476 548 220 316
348 524 236 396
396 500 156 244
284 636 100 436
444 572 284 404
476 548 300 364
356 524 148 364
324 524 260 428
388 508 196 332
444 500 260 308
436 564 180 316
348 452 276 388
428 540 308 364
396 444 164 228
404 476 284 324
412 484 284 348
428 532 212 396
420 508 228 372
436 492 212 284
420 484 196 300
388 516 316 468
324 524 148 444
340 540 220 396
460 508 228 276
508 588 284 380
452 508 172 268
468 524 244 268
380 548 196 380
468 548 260 300
332 564 108 332
338 397 240 288
404 500 252 348
404 484 308 404
436 476 244 316
364 588 268 364
500 604 292 396
428 628 124 332
372 500 132 260
460 596 292 332
292 460 220 404
396 508 236 316
388 604 52 444
508 564 244 340
412 508 220 332
300 548 100 380
444 524 260 364
428 476 212 340
524 612 156 244
324 588 92 340
380 516 156 268
292 540 108 324
308 476 172 332
428 564 236 500
484 556 220 292
324 468 180 508
396 452 308 348
276 524 300 428
420 580 252 380
356 484 180 300
364 644 252 388
236 500 236 476
412 516 196 292
396 580 156 348
452 556 196 252
300 604 76 412
340 580 236 508
356 524 148 332
452 532 252 308
300 668 100 420
428 500 284 364
428 524 236 332
372 508 156 268
428 532 188 252
420 604 100 244
252 652 116 396
268 572 116 364
436 516 196 276
428 516 204 316
436 556 244 364
452 588 244 388
332 596 268 404
468 540 260 324
284 572 12 516
404 572 308 436
348 540 124 380
404 516 204 332
396 452 348 404
292 652 132 276
356 540 212 380
388 612 100 348
412 524 164 252
388 596 116 500
524 588 300 340
260 668 164 356
364 484 220 324
292 604 124 452
452 508 308 380
420 508 196 228
412 476 196 284
452 516 292 316
340 428 244 332
268 612 244 572
396 564 252 412
380 660 188 452
332 620 44 260
332 532 212 388
388 484 356 412
428 700 156 444
444 540 204 316
356 596 220 428
324 468 260 380
428 492 292 380
452 468 228 260
356 468 236 356
524 596 276 348
468 580 252 340
300 548 164 436
412 484 188 276
308 524 116 388
188 548 28 436
292 684 212 572
436 476 220 244
388 444 300 364
372 468 236 276
268 684 76 572
316 484 196 356
364 548 180 324
172 588 12 452
348 508 204 332
412 596 76 396
428 500 332 404
348 484 164 356
300 556 84 364
236 604 236 420
460 524 276 364
348 540 212 412
404 524 212 300
348 684 52 468
452 524 164 252
452 540 260 340
420 556 228 356
468 548 276 364
372 620 148 372
300 548 68 428
396 492 252 308
452 484 236 284
372 444 228 284
364 492 292 436
324 572 68 316
348 660 60 348
292 612 196 348
340 468 212 356
444 516 180 276
460 596 172 388
372 444 204 260
396 508 260 324
436 492 260 308
404 484 244 284
372 500 260 348
436 484 332 420
276 636 44 316
396 548 180 348
268 636 180 380
252 660 252 532
380 548 212 380
436 548 300 396
380 492 36 252
428 532 276 412
404 508 316 436
404 532 252 348
396 476 252 332
300 580 220 508
532 564 172 228
452 508 236 332
236 652 4 436
428 620 164 388
364 532 188 380
396 636 188 460
188 572 60 484
380 532 164 316
332 628 188 332
476 580 196 276
460 548 236 340
420 516 140 236
388 532 276 420
444 516 188 252
356 396 324 396
460 516 284 348
436 604 236 436
388 540 156 340
396 572 204 404
396 468 228 292
364 436 172 252
428 484 276 300
364 516 260 364
396 596 172 356
452 492 228 284
404 540 292 396
484 540 172 348
324 428 228 380
324 516 100 404
356 532 212 404
428 540 220 316
316 468 244 420
140 572 20 452
268 628 116 428
308 508 188 372
396 524 252 340
436 572 156 260
356 476 236 348
364 580 300 404
388 524 132 284
436 492 180 228
420 572 180 300
228 588 180 308
428 476 268 380
412 500 236 316
420 524 284 404
388 476 212 308
324 692 308 508
460 524 316 356
420 524 260 332
364 540 180 268
460 524 316 340
444 612 188 340
412 476 252 348
468 540 204 308
364 628 268 460
388 532 292 380
420 484 228 292
396 588 164 356
420 548 180 300
388 468 268 332
404 564 140 412
356 436 348 412
268 564 60 340
276 532 252 476
436 580 252 316
324 524 132 340
372 484 132 292
372 468 196 228
388 516 220 348
444 468 276 292
436 596 260 436
420 508 244 380
412 460 276 324
404 516 196 292
420 500 244 324
436 524 332 372
372 516 244 380
420 540 164 268
388 484 292 396
260 572 100 364
396 532 204 364
388 484 284 364
404 484 308 396
404 596 172 364
412 540 332 476
348 468 292 372
436 500 260 324
420 476 228 292
340 548 268 436
412 516 212 276
412 572 196 372
316 588 92 332
332 396 228 308
284 548 164 428
284 476 132 340
364 580 196 404
364 524 332 500
396 516 156 292
356 436 372 428
388 452 308 372
468 524 196 244
332 500 124 292
428 492 356 428
348 612 140 420
180 692 12 524
404 476 228 308
476 636 212 380
404 636 188 516
436 548 220 332
452 540 236 340
284 500 156 468
372 524 292 412
316 572 124 492
396 444 228 284
324 596 212 340
388 540 156 284
396 484 212 260
364 564 252 396
460 516 172 260
500 580 220 348
436 548 332 388
468 500 284 324
388 740 4 364
332 740 204 444
444 508 236 292
356 652 100 340
348 428 268 388
452 516 236 316
348 660 188 308
436 548 228 420
404 420 300 356
236 524 156 388
396 588 148 348
236 476 252 460
372 444 276 340
404 492 284 380
324 548 164 356
284 388 204 372
149 800 13 555
356 556 212 364
380 580 228 380
492 572 236 316
276 548 76 388
356 588 196 380
348 652 140 452
332 628 204 468
420 460 212 252
420 500 268 356
388 476 300 348
420 580 172 292
420 460 316 364
220 548 188 492
428 612 228 388
396 484 236 284
396 724 44 468
388 484 188 300
396 516 236 324
212 668 108 260
372 468 204 308
268 572 156 332
420 540 252 332
420 508 292 380
364 636 220 484
444 532 260 308
308 532 220 444
316 588 76 372
436 532 308 356
356 484 164 252
356 500 324 372
356 604 204 484
372 644 172 412
412 452 228 276
380 476 284 364
500 572 236 308
340 524 188 380
356 540 268 444
404 540 196 340
436 556 308 356
388 508 260 340
300 428 260 404
396 516 116 180
380 524 228 380
380 604 172 380
420 548 316 468
380 524 196 372
476 540 228 308
396 556 156 284
396 660 140 396
340 460 332 436
332 676 324 524
372 540 220 388
356 572 196 428
356 436 324 372
436 500 244 308
452 516 188 260
332 516 356 492
452 516 180 228
556 588 228 292
388 516 268 412
332 540 76 468
236 740 204 572
284 492 148 444
484 580 292 396
460 612 204 340
404 468 244 300
364 452 276 340
484 524 236 324
420 548 196 468
324 468 196 308
380 508 284 348
348 676 4 316
484 532 228 356
428 508 308 372
492 564 284 308
484 580 252 340
452 636 236 412
396 516 212 348
476 556 140 292
388 676 116 404
380 444 252 292
404 588 164 332
388 548 164 340
340 572 172 388
484 564 204 260
380 604 156 292
332 564 308 548
372 428 236 300
412 516 156 260
412 500 204 276
396 508 236 292
412 612 252 468
468 508 292 356
500 580 212 364
452 500 228 284
428 524 244 364
428 484 196 284
396 676 108 412
388 532 236 372
300 620 252 564
148 436 124 548
428 476 284 348
188 588 108 508
268 644 268 468
436 492 268 284
452 548 188 236
284 556 180 364
340 660 180 452
436 500 188 244
412 476 172 348
436 628 252 396
340 596 156 396
420 540 276 404
412 556 228 300
372 532 156 316
444 612 268 348
396 540 140 300
260 532 260 540
428 484 276 420
420 548 116 220
388 596 76 284
388 516 180 316
380 524 292 420
428 532 292 340
396 612 196 380
308 524 188 380
388 468 228 308
420 476 292 324
476 596 252 388
420 548 108 252
364 668 380 532
324 516 180 308
516 628 180 324
404 468 236 284
404 516 172 316
420 516 132 268
260 516 172 436
420 532 236 292
292 508 324 452
348 468 172 372
516 612 268 356
300 636 100 436
420 604 188 332
452 516 340 380
364 580 124 412
468 516 228 284
460 524 204 268
404 492 244 364
380 556 188 380
428 580 276 436
500 532 276 308
420 516 292 404
396 484 244 324
412 492 188 268
396 596 252 380
172 684 188 572
492 596 252 372
372 500 260 332
372 500 196 356
316 540 156 292
324 500 196 276
428 500 244 284
428 524 260 364
460 524 180 244
324 652 76 412
356 492 228 340
284 636 44 380
428 484 260 340
388 628 164 380
388 524 260 348
460 556 244 404
332 596 204 388
388 548 212 340
468 612 196 436
396 540 268 412
444 468 164 244
388 532 196 332
444 540 220 300
364 476 164 316
428 524 316 380
500 580 204 380
460 596 116 420
428 548 252 372
340 652 52 300
292 612 116 388
284 628 132 484
444 484 252 348
348 652 132 492
452 572 188 316
332 516 236 428
444 540 212 324
420 548 116 252
348 508 196 332
388 588 244 356
420 524 220 316
444 500 244 348
412 492 220 300
412 508 244 308
468 548 316 372
476 532 212 268
396 500 348 444
420 660 156 460
492 556 252 332
284 492 252 396
348 572 140 332
452 540 252 332
468 548 148 228
460 516 260 308
404 660 204 572
396 524 204 292
356 684 172 548
324 596 188 428
356 732 212 460
340 444 156 268
364 492 220 324
524 652 276 356
452 516 196 276
284 692 172 492
308 620 180 404
364 556 108 308
396 548 148 276
420 476 284 388
260 604 116 444
372 644 116 396
164 596 108 324
440 478 275 311
276 452 196 356
388 476 148 332
332 612 108 364
396 596 172 332
404 484 260 324
396 612 172 372
164 612 28 292
396 540 236 436
460 516 316 372
492 572 140 252
388 620 252 428
348 420 188 316
300 748 252 532
420 572 260 340
364 612 100 316
404 620 204 436
316 508 92 428
356 428 252 380
348 564 148 348
380 476 156 404
356 572 132 348
460 500 428 452
412 460 188 268
364 516 300 476
428 556 236 372
404 500 236 340
396 580 196 444
380 644 172 388
444 548 316 404
404 468 252 308
420 484 268 340
396 492 188 284
356 556 92 348
436 524 260 324
228 684 132 572
436 596 244 468
452 532 228 340
396 588 212 268
428 548 228 316
484 628 212 332
420 524 244 332
516 572 332 356
348 532 188 332
372 596 124 332
308 644 148 380
364 476 260 460
404 476 212 292
452 604 196 364
356 516 316 452
452 620 212 348
316 508 116 348
380 676 52 460
452 556 140 260
348 516 68 252
396 532 260 396
284 708 28 412
396 508 268 420
324 492 244 428
348 564 148 300
316 620 116 340
260 604 156 476
300 604 180 476
348 556 196 340
340 524 140 316
436 516 252 364
468 556 244 380
380 628 124 332
76 660 292 524
308 540 268 524
460 572 212 268
332 500 268 436
380 508 276 372
404 492 236 332
364 484 252 364
388 460 300 388
340 636 100 276
380 492 196 276
420 532 252 380
412 572 60 276
188 756 4 452
404 460 140 244
372 516 196 316
236 644 100 564
420 452 132 188
444 540 148 308
444 516 252 324
356 476 164 364
380 492 172 268
396 604 252 404
420 492 220 300
348 716 28 380
260 516 116 508
268 580 12 396
428 532 244 340
460 516 212 284
324 612 100 340
260 596 12 500
364 460 220 348
436 548 132 236
340 524 172 404
332 508 220 364
460 516 188 332
428 636 244 364
427 380 250 345
372 452 308 428
420 532 300 388
396 596 108 316
444 548 188 252
460 660 164 380
396 572 108 228
220 548 188 556
412 508 148 244
380 484 244 332
284 508 116 444
324 508 148 308
364 548 100 276
404 516 220 332
396 580 132 324
308 452 244 308
356 596 148 492
452 524 300 420
508 604 236 340
492 604 252 332
436 460 276 300
420 476 252 276
412 636 164 356
348 452 244 356
417 446 250 300
372 596 196 452
412 524 220 316
476 564 268 324
460 628 124 364
388 524 212 332
276 492 284 436
284 476 180 476
308 604 284 436
324 436 164 276
460 580 76 404
428 644 108 532
396 588 204 420
468 596 236 324
412 620 172 388
404 444 268 356
332 572 204 428
380 516 220 316
332 492 172 372
372 484 164 252
332 700 124 436
380 564 132 348
324 500 228 404
452 564 252 372
460 548 300 396
228 444 28 404
388 460 228 332
276 700 28 412
268 660 116 388
348 596 204 412
460 524 276 340
396 500 252 364
404 452 308 332
436 556 164 284
460 564 180 260
396 516 188 348
436 588 228 356
452 508 308 348
428 516 292 356
428 492 268 332
444 556 260 364
396 524 188 324
412 500 172 244
396 516 180 268
356 484 236 372
428 580 252 404
308 516 244 372
420 556 188 332
388 500 268 388
428 620 324 468
380 492 220 324
276 604 44 380
444 564 236 324
372 492 196 284
260 612 140 436
396 524 132 316
396 524 236 372
380 428 292 340
460 524 252 324
412 476 276 348
404 460 212 252
428 548 164 252
444 524 300 356
492 620 276 396
404 476 292 348
428 548 348 412
420 676 196 460
356 452 180 340
476 548 188 244
348 468 220 308
556 636 292 428
516 644 228 388
412 492 316 364
196 564 92 572
447 480 260 284
436 508 228 308
452 532 284 332
412 564 132 292
380 596 116 340
404 572 156 316
420 556 220 340
396 508 252 348
444 556 236 332
420 540 92 324
420 564 236 380
420 468 180 228
428 588 204 324
268 524 268 444
364 588 188 444
452 524 212 276
348 556 268 420
356 428 172 260
372 516 260 332
444 548 284 372
348 476 212 348
364 516 212 452
300 556 164 380
252 556 276 468
420 500 316 380
404 484 180 252
332 492 252 444
452 596 172 268
404 484 244 324
492 556 244 380
396 508 276 348
372 548 244 356
508 588 228 316
460 516 228 284
452 580 180 308
372 532 180 324
356 428 300 340
348 460 220 364
308 412 244 412
300 644 76 420
396 532 252 372
412 460 252 300
404 484 228 316
388 540 276 460
356 500 212 348
476 564 156 388
420 508 228 340
452 572 228 348
468 540 300 364
460 572 156 252
428 516 164 300
380 492 180 332
436 572 212 404
356 540 180 348
332 516 260 388
348 412 236 316
332 524 188 324
332 500 188 364
476 540 292 364
380 596 188 396
300 668 36 412
436 516 252 324
532 604 220 268
476 708 164 460
404 460 276 348
476 524 260 364
404 564 260 516
420 524 276 388
396 556 252 332
412 508 268 340
484 572 172 284
372 620 292 364
404 524 276 364
404 468 236 324
444 500 260 316
388 428 324 396
380 820 4 444
332 628 196 356
436 620 180 420
484 556 252 396
268 580 84 372
396 484 332 396
428 532 220 292
340 540 212 388
452 548 276 348
420 556 28 348
444 604 44 468
404 468 244 324
436 516 220 292
348 524 244 436
380 636 172 428
436 516 244 292
468 532 236 292
372 572 172 476
420 484 260 380
156 556 52 516
332 572 236 436
364 428 260 340
380 556 116 292
452 532 276 364
500 548 188 284
404 732 164 484
452 548 212 268
404 516 284 340
308 692 36 388
404 484 220 292
380 484 236 340
356 508 252 404
452 532 292 364
388 652 124 484
356 500 132 284
332 532 268 388
452 548 236 300
348 564 348 452
444 644 156 276
388 452 228 260
452 540 260 372
396 476 268 348
308 556 156 420
436 516 284 372
340 500 236 476
412 524 308 380
452 572 156 356
372 700 196 452
396 564 140 324
324 580 212 428
396 468 260 332
500 548 148 252
428 580 156 204
404 492 172 260
364 620 220 404
436 492 220 356
428 540 156 268
380 516 164 300
452 524 292 420
252 620 236 388
324 420 140 268
316 476 196 308
396 508 268 316
276 588 148 476
404 508 196 308
436 588 148 196
364 500 260 324
508 572 204 276
212 700 196 524
412 500 332 428
356 492 252 380
388 492 220 340
452 540 308 380
404 596 260 420
396 452 260 308
428 540 316 444
420 516 284 372
364 532 164 372
452 604 284 452
284 644 140 468
284 612 180 420
332 508 164 308
444 532 252 332
508 604 196 276
452 500 324 364
284 628 92 412
388 540 172 220
412 484 204 316
388 524 220 332
412 540 340 444
388 556 140 260
428 492 252 316
436 564 180 316
444 516 260 340
244 556 180 492
316 540 68 380
420 540 164 284
212 756 164 452
300 500 196 468
388 500 316 412
404 548 172 380
412 444 284 316
412 596 108 380
316 676 148 380
364 580 228 460
228 532 44 252
444 492 332 444
300 604 164 364
364 548 220 404
364 500 156 292
412 540 140 276
396 532 244 340
388 468 212 292
420 492 172 196
476 548 212 268
404 524 260 324
404 468 268 316
420 676 132 364
388 484 268 332
476 524 308 356
364 492 164 348
380 476 244 356
340 732 44 548
436 572 164 276
388 716 212 428
412 588 204 372
372 580 76 300
340 676 76 540
308 660 20 372
388 548 260 420
372 484 268 396
420 492 268 364
414 458 280 326
500 564 220 300
388 468 220 284
284 500 148 388
380 532 268 396
364 556 220 356
500 620 100 340
444 548 244 332
460 548 252 308
372 580 292 452
420 524 236 460
300 604 124 460
428 484 268 348
156 596 60 548
108 588 116 420
452 572 204 300
468 532 276 332
388 516 228 380
228 524 28 556
452 572 252 348
244 628 292 412
356 420 268 364
412 532 324 428
364 452 276 348
356 492 220 364
396 524 324 476
412 524 268 364
356 548 212 404
412 476 308 340
388 492 220 316
436 524 332 404
412 548 164 324
396 572 260 476
484 524 276 396
436 492 244 268
412 516 212 316
452 564 244 348
268 636 156 516
476 540 268 292
412 516 292 396
356 468 300 420
404 556 164 340
436 484 268 332
380 508 220 356
356 484 220 364
348 692 84 412
396 564 132 300
412 516 172 340
308 604 28 388
460 532 180 284
340 500 196 268
228 412 228 420
396 524 204 316
436 556 252 340
436 564 212 284
412 652 164 404
484 636 212 364
380 540 180 332
300 460 228 380
364 668 188 396
348 444 292 356
292 444 60 228
404 548 300 380
412 476 252 308
372 692 108 492
452 556 156 276
404 484 300 372
364 436 220 316
252 580 116 364
348 412 236 300
380 516 268 364
292 636 108 364
284 692 220 444
420 500 164 252
308 380 212 308
404 516 252 292
468 716 28 292
412 644 212 444
340 684 52 340
468 612 276 348
404 508 276 364
460 508 324 404
460 540 268 340
124 524 76 484
284 532 124 364
372 516 196 324
476 596 124 420
476 516 316 380
420 468 204 252
388 484 164 244
500 604 324 452
332 444 260 348
516 564 140 244
436 524 236 316
372 524 124 276
388 484 212 292
332 668 100 380
364 460 268 348
364 636 196 468
348 460 172 244
316 548 124 468
452 532 292 388
460 564 252 348
436 548 92 332
364 492 268 348
372 436 324 388
348 460 180 332
428 564 252 316
372 476 220 324
428 532 260 340
420 628 228 436
340 636 92 348
268 396 188 324
308 556 172 404
412 564 300 452
404 572 196 348
356 612 100 292
404 548 212 364
412 524 212 260
380 460 236 300
372 636 236 428
372 444 292 372
428 492 300 340
452 524 276 332
292 460 172 396
436 484 268 308
220 788 236 572
412 508 260 324
452 612 92 260
428 484 164 236
92 524 244 572
356 540 164 428
412 516 316 436
340 532 156 324
436 500 292 356
228 588 140 556
356 604 316 436
404 652 164 396
412 532 236 364
140 604 28 420
316 524 228 372
428 628 100 324
340 396 284 348
316 564 140 388
404 524 196 268
420 540 204 324
252 628 164 524
348 444 268 356
500 540 196 308
388 484 204 260
276 508 92 532
404 468 308 420
372 580 124 332
276 612 172 388
340 460 204 284
420 476 268 332
444 500 300 356
468 556 300 396
364 548 204 380
252 604 100 420
348 508 188 332
372 628 172 436
428 492 196 252
428 564 228 348
404 740 132 436
292 596 124 228
348 588 156 356
204 532 108 444
364 476 204 316
428 580 212 276
364 572 132 348
260 564 300 468
420 564 292 436
356 668 116 404
420 484 324 388
372 620 300 404
492 644 236 380
340 524 116 308
340 444 204 372
420 532 268 372
300 644 44 428
244 756 92 564
372 620 164 404
388 452 268 324
444 524 316 348
316 492 196 388
356 660 164 292
444 484 284 372
460 532 244 324
324 588 204 364
388 548 244 340
436 580 132 412
404 604 92 260
404 500 268 340
292 692 36 508
260 540 116 380
412 612 164 380
436 524 148 364
396 548 148 292
236 508 116 452
380 572 284 444
420 492 212 268
436 508 276 356
452 556 284 372
276 580 212 468
364 604 196 444
500 572 244 380
396 580 252 428
428 556 228 372
436 516 212 276
428 492 188 284
292 516 164 396
324 508 244 356
244 556 196 404
228 620 108 420
436 516 284 324
428 548 212 316
420 516 116 228
356 548 116 324
436 516 236 308
476 548 236 380
476 588 172 284
236 636 60 452
476 572 292 356
452 596 252 420
404 468 252 348
372 588 124 308
348 500 284 404
420 484 188 260
316 660 236 572
324 564 164 284
380 604 164 364
348 580 116 340
428 516 244 332
444 628 164 380
364 732 148 572
324 476 212 372
396 476 276 364
388 428 276 324
356 588 212 388
316 716 132 500
332 564 148 356
484 532 220 268
364 484 244 340
452 588 220 324
428 612 68 364
332 468 260 444
348 556 244 444
476 532 252 300
372 436 260 324
388 508 324 444
372 444 276 364
236 772 228 540
412 540 244 380
436 532 236 300
364 500 220 348
372 460 188 276
372 572 108 308
316 508 68 476
348 660 204 420
300 532 196 348
292 524 92 388
348 532 228 388
356 508 188 348
412 492 156 228
300 548 220 404
316 460 180 340
452 524 196 228
404 500 268 364
332 676 244 532
300 620 124 364
316 692 36 284
372 652 180 484
492 596 204 300
484 564 204 284
388 572 228 348
428 492 260 340
436 500 244 300
412 596 228 436
508 596 268 332
388 748 204 572
420 516 284 372
332 500 212 404
484 564 220 348
460 516 228 284
396 628 164 412
396 508 316 420
340 460 196 340
388 604 124 324
404 476 228 396
396 492 300 356
420 492 260 332
444 652 172 356
396 572 268 364
428 500 228 284
452 524 220 356
404 516 276 364
492 556 292 372
348 492 236 388
428 508 340 412
460 508 236 292
396 612 204 396
492 660 156 300
412 500 212 316
436 524 188 260
396 524 220 332
244 628 124 484
364 428 196 308
244 660 132 572
340 524 172 316
380 500 268 308
436 500 228 300
468 556 220 308
284 660 204 404
372 468 212 308
420 580 156 332
324 468 236 364
340 636 212 500
412 516 284 364
348 508 212 316
396 452 244 260
436 516 172 316
396 532 220 332
188 484 68 484
348 460 220 316
404 516 172 292
436 484 204 316
340 628 188 284
316 484 268 396
524 572 252 364
308 508 140 372
388 500 252 364
388 540 260 388
412 532 172 292
404 596 172 276
212 588 52 268
412 612 156 356
332 500 108 364
404 556 260 404
324 652 68 388
436 508 284 388
284 500 100 340
444 508 220 276
332 564 132 372
484 588 180 252
380 452 244 356
380 484 188 420
380 540 260 380
220 492 116 460
236 596 212 468
404 500 228 316
372 652 84 380
444 516 228 316
324 564 244 412
468 564 332 428
476 564 324 396
388 572 252 412
396 588 180 412
332 644 188 484
444 508 324 380
292 460 204 380
428 596 292 460
396 564 244 476
308 468 356 420
436 548 316 428
364 412 164 300
356 644 268 460
388 644 124 348
396 484 268 364
468 596 332 388
308 516 140 380
372 508 164 316
396 556 156 276
388 572 244 540
396 516 228 356
444 548 252 444
284 604 164 484
436 484 236 276
372 660 84 468
452 508 252 364
460 580 252 372
404 556 172 340
452 540 124 228
460 516 188 268
396 524 220 420
468 636 236 436
412 708 44 364
436 548 196 324
428 476 260 300
364 628 212 492
436 524 188 268
420 580 172 324
412 532 220 332
420 508 220 316
420 500 276 348
364 524 204 380
308 572 52 420
324 604 4 348
444 564 188 340
388 652 172 476
444 532 236 348
428 508 228 300
484 596 268 356
452 548 188 340
340 596 116 428
236 620 124 468
372 636 188 476
340 604 252 356
436 540 188 372
396 444 324 436
460 564 124 292
308 676 124 372
444 492 292 420
476 540 284 364
396 524 228 348
156 524 60 492
260 540 164 444
340 540 196 300
404 476 268 340
388 508 212 372
340 684 140 492
420 508 228 292
308 644 220 436
428 548 140 212
468 580 228 316
308 420 228 340
332 404 252 364
380 492 236 292
244 604 140 452
380 524 140 268
436 564 220 452
364 524 132 292
452 524 236 316
436 508 236 284
276 748 108 436
420 484 300 340
316 508 132 332
465 536 216 275
492 548 364 428
348 444 100 220
372 572 204 388
444 532 316 404
412 524 268 388
388 468 244 284
388 556 260 404
316 548 236 332
340 740 4 372
508 628 212 308
484 580 276 324
260 444 124 284
324 452 228 356
244 548 140 372
444 564 236 316
404 508 172 284
396 572 284 356
404 524 156 324
428 580 180 332
444 500 220 292
484 596 140 284
348 668 44 300
228 556 60 356
356 516 132 308
404 484 204 276
436 564 244 396
388 732 108 260
404 604 52 252
428 588 116 324
500 556 188 324
388 564 196 364
308 476 180 340
412 508 204 300
468 588 276 324
436 572 196 348
412 524 244 308
340 476 220 380
260 556 28 404
284 516 132 332
420 500 228 316
380 484 260 364
372 564 204 412
468 516 284 316
428 564 172 292
428 556 268 308
388 476 244 284
436 516 292 356
436 564 212 300
460 588 164 324
404 508 228 348
332 436 164 268
340 556 172 348
428 524 204 276
420 524 364 444
276 572 172 476
428 556 244 356
308 500 164 228
372 524 324 468
332 484 204 340
364 564 156 316
316 572 108 348
252 564 100 444
436 548 292 396
444 580 156 324
356 452 284 348
444 516 164 260
316 556 204 388
452 524 236 284
372 420 268 308
404 484 180 308
452 524 252 332
372 564 188 436
436 516 228 284
396 460 292 380
292 572 228 428
420 508 316 396
428 540 292 372
436 508 172 244
244 644 28 388
444 516 372 452
460 564 308 372
308 508 156 428
460 532 260 396
372 508 404 476
284 500 108 284
452 556 212 260
436 516 260 340
476 556 244 340
380 628 316 420
468 556 156 244
436 580 252 356
404 492 180 268
380 532 236 420
492 572 228 300
252 748 140 548
404 660 196 500
452 524 324 404
412 476 308 356
324 468 284 348
364 532 180 340
380 532 220 348
372 604 204 372
396 604 316 516
316 660 132 396
404 548 172 308
492 580 236 340
356 508 236 412
404 476 220 284
428 508 316 404
468 532 260 332
372 428 340 396
436 548 196 324
436 524 340 428
364 652 212 508
236 548 60 372
524 596 172 236
364 548 156 340
316 508 228 372
412 516 276 380
340 508 204 380
348 548 156 364
348 580 116 260
388 564 228 348
260 508 204 460
308 612 148 388
316 700 164 572
428 476 180 212
364 516 252 404
428 556 292 380
292 636 76 404
388 532 268 380
412 500 204 276
460 516 356 388
468 548 228 268
372 500 204 324
332 468 204 412
436 548 188 324
332 572 284 420
396 596 252 444
444 548 252 332
452 636 140 572
404 508 284 364
324 684 132 412
460 524 228 284
436 540 316 420
412 612 156 364
428 492 252 316
372 508 220 324
412 500 268 340
308 572 196 452
388 500 212 252
364 444 180 276
332 612 124 332
340 596 92 308
412 492 220 308
356 484 196 332
460 532 228 356
364 484 220 316
412 644 132 332
300 548 156 388
388 532 244 420
452 540 188 284
428 508 212 292
324 516 244 428
308 556 220 388
364 564 92 220
372 460 244 316
388 460 220 316
388 444 276 356
388 676 108 420
340 572 300 428
428 516 196 348
276 644 164 572
340 644 68 332
244 580 252 436
348 572 220 468
420 508 220 316
276 676 252 508
396 564 220 388
396 556 308 388
428 500 340 396
388 484 172 308
420 476 252 380
428 500 324 404
364 492 148 324
324 404 244 340
252 428 28 444
276 676 252 508
444 548 276 356
380 492 212 316
380 476 196 284
356 508 268 332
340 508 252 396
292 596 124 388
396 612 100 300
348 588 228 524
420 548 236 340
420 508 228 324
300 548 196 476
260 556 188 476
396 612 164 372
356 564 220 404
356 468 156 284
420 644 124 452
316 524 324 460
380 612 260 476
268 500 172 228
388 532 276 388
356 388 300 364
292 604 196 468
460 540 220 308
380 668 148 468
436 548 228 324
396 540 172 292
452 556 220 404
380 468 292 420
340 508 172 348
412 500 252 284
412 548 244 364
380 476 148 308
452 628 228 396
204 708 220 508
452 548 196 292
380 492 220 340
436 540 180 276
436 508 180 340
444 580 244 372
340 708 244 436
276 500 4 348
468 540 348 396
372 452 188 284
428 476 260 332
364 444 236 348
468 532 244 316
444 500 284 348
420 444 316 380
380 500 220 332
500 580 308 348
372 524 236 364
404 516 308 396
428 548 268 340
484 548 196 260
324 556 124 276
420 468 236 284
444 516 324 412
348 628 100 356
284 652 108 388
236 724 108 444
364 716 4 468
308 708 164 444
396 540 212 300
372 476 268 332
452 508 260 324
404 564 180 372
380 564 132 300
524 572 348 404
396 556 220 364
284 588 132 444
436 508 324 348
484 548 324 388
356 580 156 388
372 524 116 276
372 532 92 300
428 572 244 348
388 580 276 340
404 484 276 332
492 604 212 340
388 492 276 388
396 532 132 316
404 516 228 316
436 596 124 284
316 516 156 428
348 420 244 348
420 484 220 428
236 732 44 452
460 548 228 316
388 484 204 260
324 588 132 396
372 460 292 348
412 508 300 388
396 524 300 364
348 748 124 332
436 524 236 316
356 556 156 356
404 508 180 308
444 524 284 380
460 572 196 340
428 460 300 340
212 524 4 324
356 516 236 420
436 548 212 300
524 612 212 300
348 596 84 292
468 572 68 188
380 548 204 364
252 476 68 284
388 500 212 324
436 484 244 292
428 516 252 348
404 588 132 308
292 436 308 404
476 588 316 388
500 548 316 388
372 532 180 348
324 468 132 292
412 532 212 308
436 628 100 300
396 516 236 372
356 436 364 428
324 532 196 388
372 468 228 356
444 556 212 300
492 620 84 316
372 484 164 268
460 564 236 356
340 692 196 436
444 596 228 452
476 556 148 276
412 644 84 284
300 620 124 444
380 476 268 364
380 468 276 340
396 484 268 316
332 636 220 524
388 516 260 396
124 652 132 572
348 564 228 380
260 652 4 476
364 516 204 356
276 524 228 436
404 516 284 396
292 572 108 492
180 500 28 548
372 580 148 220
396 500 308 356
372 492 132 380
300 580 124 436
412 548 236 380
420 636 172 388
428 548 300 348
372 620 108 372
396 524 284 364
308 620 188 404
300 500 260 460
372 524 204 308
292 420 164 404
508 540 420 476
292 556 132 276
436 524 236 268
388 500 172 244
404 492 196 372
460 540 204 268
308 580 108 356
300 524 148 396
372 444 228 340
396 476 340 420
428 484 284 340
500 580 252 332
452 564 188 300
460 564 204 324
452 596 220 380
364 596 228 436
396 508 148 420
404 460 156 220
396 524 220 332
412 564 316 436
364 548 228 380
460 516 348 380
268 492 228 412
316 628 180 332
460 580 60 340
276 556 124 268
492 564 228 300
380 508 180 356
404 524 92 252
436 524 244 348
460 532 268 412
372 484 276 388
436 612 212 348
372 572 236 332
364 532 244 556
324 548 172 452
284 796 164 572
380 532 172 380
484 596 300 396
404 572 228 388
316 508 172 412
388 500 220 308
324 556 148 372
348 628 236 524
396 516 244 324
364 572 148 308
348 516 204 356
420 524 156 388
364 484 228 380
436 532 212 268
324 652 300 484
452 500 324 372
396 508 212 364
364 452 180 284
340 468 196 332
316 548 124 340
348 548 236 372
428 524 124 236
276 428 164 276
396 572 236 404
388 428 236 340
316 572 108 204
428 588 100 332
